%YAML:1.0
---
R: !!opencv-matrix
   rows: 3
   cols: 3
   dt: d
   data: [0.999948766551427, -0.002649623854600,
       -0.009769532522542, 0.002681909677318, 0.999990981295477,
       0.003293127418033, 0.009760718865052, -0.003319159703574,
       0.999946854360820 ]
T: !!opencv-matrix
   rows: 3
   cols: 1
   dt: d
   data: [-30.052277072432798,
          0.076473180632777,
          -0.697177130523133]
R1: !!opencv-matrix
   rows: 3
   cols: 3
   dt: d
   data: [ 9.9994753473916398e-01, -9.1729741798247267e-03,
       4.5589816587230268e-03, 9.1468618025967851e-03,
       9.9994183001793413e-01, 5.7158988400085415e-03,
       -4.6111482553155914e-03, -5.6738985786920753e-03,
       9.9997327173614314e-01 ]
R2: !!opencv-matrix
   rows: 3
   cols: 3
   dt: d
   data: [ 9.9990130039167813e-01, -1.4006993690039882e-02,
       -1.0925213032943965e-03, 1.4000544501222961e-02,
       9.9988572509876972e-01, -5.7027622584911210e-03,
       1.1722750105008504e-03, 5.6869035049645494e-03,
       9.9998314230782159e-01 ]
P1: !!opencv-matrix
   rows: 3
   cols: 4
   dt: d
   data: [ 4.3964859406126357e+02, 0., 3.1932437133789062e+02, 0., 0.,
       4.3964859406126357e+02, 2.3945363616943359e+02, 0., 0., 0., 1.,
       0. ]
P2: !!opencv-matrix
   rows: 3
   cols: 4
   dt: d
   data: [ 4.3964859406126357e+02, 0., 3.1932437133789062e+02,
       -1.4697622424473911e+03, 0., 4.3964859406126357e+02,
       2.3945363616943359e+02, 0., 0., 0., 1., 0. ]
Q: !!opencv-matrix
   rows: 4
   cols: 4
   dt: d
   data: [ 1., 0., 0., -3.1932437133789062e+02, 0., 1., 0.,
       -2.3945363616943359e+02, 0., 0., 0., 4.3964859406126357e+02, 0.,
       0., 2.9912905731554090e-01, 0. ]
