%YAML:1.0
---
M1: !!opencv-matrix
   rows: 3
   cols: 3
   dt: d
   data: [2400.42149249285,
          0,
          1232.39727381681,
          0,
          2399.42779351698,
          995.528522898960,
          0,
          0,
          1]
D1: !!opencv-matrix
   rows: 1
   cols: 14
   dt: d
   data: [ -0.104940967383158, 0.165132469754735, -2.308297206937705e-04, 7.491707254399826e-06, -8.206602026794682e-04,
       0., 0., 0., 0., 0., 0., 0., 0., 0. ]
M2: !!opencv-matrix
   rows: 3
   cols: 3
   dt: d
   data: [2404.86347724024,
          0,
          1238.83493588280,
          0,
          2403.81802572777,
          1006.47991079208,
          0,
          0,
          1]
D2: !!opencv-matrix
   rows: 1
   cols: 14
   dt: d
   data: [ -0.102187377071039, 0.158298109482076, 0.000417208096090797, -0.000289624859599624, 0.013309172332552,
       0., 0., 0., 0., 0., 0., 0., 0., 0. ]
