%YAML:1.0
---
M1: !!opencv-matrix
   rows: 3
   cols: 3
   dt: d
   data: [2.399259514847699e+03,
          0,
          1.041802192599393e+03,
          0,
          2.398601780428456e+03,
          7.649385269179368e+02,
          0,
          0,
          1]
D1: !!opencv-matrix
   rows: 1
   cols: 14
   dt: d
   data: [ -0.245888728559751, 0.097866796398667, 1.881981593318130e-04, -6.956726834723588e-04, 0.023777482421256,
       0., 0., 0., 0., 0., 0., 0., 0., 0. ]
M2: !!opencv-matrix
   rows: 3
   cols: 3
   dt: d
   data: [2.424253649384089e+03,
          0,
          1.051138132911644e+03,
          0,
          2.423528542966767e+03,
          7.888387702675118e+02,
          0,
          0,
          1]
D2: !!opencv-matrix
   rows: 1
   cols: 14
   dt: d
   data: [ -0.249151561018020, 0.114331290928220, -0.001742435408958, 2.614360021860400e-04, 0.042389814440671,
       0., 0., 0., 0., 0., 0., 0., 0., 0. ]
